3.120000000000000000e+02
3.830000000000000000e+02
3.190000000000000000e+02
3.000000000000000000e+02
2.940000000000000000e+02
2.970000000000000000e+02
2.900000000000000000e+02
3.110000000000000000e+02
3.140000000000000000e+02
3.180000000000000000e+02
3.090000000000000000e+02
3.190000000000000000e+02
3.230000000000000000e+02
3.180000000000000000e+02
3.210000000000000000e+02
3.220000000000000000e+02
3.230000000000000000e+02
3.290000000000000000e+02
3.310000000000000000e+02
3.320000000000000000e+02
3.350000000000000000e+02
3.480000000000000000e+02
3.480000000000000000e+02
3.490000000000000000e+02
3.600000000000000000e+02
3.650000000000000000e+02
3.590000000000000000e+02
3.550000000000000000e+02
3.610000000000000000e+02
3.590000000000000000e+02
3.700000000000000000e+02
3.630000000000000000e+02
3.680000000000000000e+02
3.700000000000000000e+02
3.720000000000000000e+02
3.730000000000000000e+02
3.720000000000000000e+02
3.780000000000000000e+02
3.850000000000000000e+02
3.820000000000000000e+02
3.900000000000000000e+02
3.850000000000000000e+02
3.870000000000000000e+02
3.940000000000000000e+02
3.950000000000000000e+02
4.010000000000000000e+02
4.040000000000000000e+02
4.050000000000000000e+02
4.130000000000000000e+02
4.120000000000000000e+02
4.190000000000000000e+02
4.170000000000000000e+02
4.250000000000000000e+02
4.250000000000000000e+02
4.330000000000000000e+02
4.310000000000000000e+02
4.430000000000000000e+02
4.500000000000000000e+02
4.450000000000000000e+02
4.510000000000000000e+02
4.520000000000000000e+02
4.510000000000000000e+02
4.490000000000000000e+02
4.480000000000000000e+02
4.480000000000000000e+02
4.480000000000000000e+02
4.510000000000000000e+02
4.510000000000000000e+02
4.450000000000000000e+02
4.440000000000000000e+02
4.500000000000000000e+02
4.480000000000000000e+02
4.520000000000000000e+02
4.550000000000000000e+02
4.600000000000000000e+02
4.660000000000000000e+02
4.680000000000000000e+02
4.620000000000000000e+02
4.670000000000000000e+02
4.650000000000000000e+02
4.670000000000000000e+02
4.660000000000000000e+02
4.760000000000000000e+02
4.750000000000000000e+02
4.810000000000000000e+02
4.860000000000000000e+02
4.870000000000000000e+02
4.870000000000000000e+02
4.920000000000000000e+02
4.870000000000000000e+02
4.880000000000000000e+02
4.830000000000000000e+02
4.790000000000000000e+02
4.820000000000000000e+02
4.830000000000000000e+02
4.850000000000000000e+02
4.880000000000000000e+02
4.880000000000000000e+02
4.870000000000000000e+02
4.880000000000000000e+02
